-17 -1 67
-5 -13 45
16 0 24
-17 10 90
10 14 54
15 -10 87
-19 9 61
0 -19 28
-3 -10 75
4 -13 48
0 -12 12
15 3 46
6 -15 91
-2 17 26
15 15 43
14 -8 23
-13 -6 56
13 13 27
-16 -11 22
10 -6 30
13 17 21
16 -13 80
-16 7 75
6 -12 94
-11 5 56
11 10 18
-15 -18 40
13 -5 75
15 0 76
7 -15 81
5 9 57
-3 15 59
3 -20 77
-13 19 48
-11 6 75
18 2 90
15 -9 66
-13 -7 40
4 -17 51
17 -9 97
5 14 87
-2 12 43
-7 -8 51
12 3 35
-1 10 58
-16 4 57
-20 9 47
15 8 72
1 -14 93
-12 -4 30
7 16 96
-7 19 13
-14 4 59
1 -15 23
-2 -12 89
-10 11 75
-18 -19 87
-5 19 98
-20 -19 37
0 18 29
3 -11 37
15 19 72
8 -8 92
18 -4 58
-15 -3 17
18 -8 73
0 17 31
2 -16 11
-16 18 28
-1 -14 17
9 5 39
10 -9 16
-12 9 33
2 -20 41
1 -15 38
-4 17 33
